     1.000     1.000     1.000     1.000     1.000     0.000     1.000     0.000     1.000
     1.000     1.000     1.000     1.000     1.000     0.000     1.000     0.000     1.000
     0.000     0.000     1.000     0.000     1.000     0.000     0.458     0.542     2.000
     1.000     1.000     1.000     1.000     1.000     1.000     1.000     0.000     1.000
     1.000     1.000     1.000     1.000     1.000     1.000     1.000     0.000     1.000
     1.000     1.000     1.000     0.000     1.000     1.000     1.000     0.000     1.000
     0.000     0.000     0.000     0.000     0.000     0.000     0.000     1.000     2.000
     1.000     1.000     1.000     1.000     1.000     0.000     1.000     0.000     1.000
     1.000     1.000     1.000     0.000     1.000     0.000     1.000     0.000     1.000
     1.000     1.000     1.000     0.000     1.000     0.000     1.000     0.000     1.000
     0.000     0.000     0.000     0.000     1.000     6.000     0.000     1.000     2.000
     0.000     0.000     1.000     1.000     1.000     0.000     0.980     0.020     1.000
     0.000     0.000     1.000     0.000     1.000     0.000     0.458     0.542     2.000
     0.000     0.000     0.000     0.000     0.000     0.000     0.000     1.000     2.000
     1.000     1.000     1.000     1.000     1.000     0.000     1.000     0.000     1.000
     1.000     0.000     1.000     0.000     1.000     0.000     0.984     0.016     1.000
     1.000     1.000     1.000     1.000     1.000     0.000     1.000     0.000     1.000
     1.000     1.000     1.000     1.000     1.000     0.000     1.000     0.000     1.000
     1.000     0.000     1.000     1.000     1.000     0.000     1.000     0.000     1.000
     1.000     1.000     1.000     1.000     1.000     1.000     1.000     0.000     1.000
     0.000     1.000     1.000     0.000     1.000     0.000     0.978     0.022     1.000
     0.000     0.000     1.000     0.000     0.000     0.000     0.005     0.995     2.000
     0.000     0.000     1.000     0.000     1.000     0.000     0.458     0.542     2.000
     0.000     0.000     1.000     0.000     0.000     0.000     0.005     0.995     2.000
     1.000     1.000     1.000     1.000     1.000     0.000     1.000     0.000     1.000
     0.000     0.000     0.000     0.000     1.000     2.000     0.000     1.000     2.000
     1.000     0.000     1.000     1.000     1.000     1.000     1.000     0.000     1.000
     0.000     0.000     1.000     0.000     0.000     0.000     0.005     0.995     2.000
     1.000     0.000     1.000     0.000     1.000     0.000     0.984     0.016     1.000
     1.000     0.000     1.000     1.000     1.000     0.000     1.000     0.000     1.000
     0.000     1.000     1.000     1.000     1.000     1.000     1.000     0.000     1.000
     0.000     1.000     1.000     1.000     1.000     0.000     1.000     0.000     1.000
     0.000     0.000     0.000     0.000     0.000     0.000     0.000     1.000     2.000
     0.000     1.000     1.000     0.000     1.000     0.000     0.978     0.022     1.000
     0.000     0.000     0.000     0.000     0.000     3.000     0.000     1.000     2.000
     0.000     0.000     1.000     0.000     1.000     0.000     0.458     0.542     2.000
     1.000     1.000     1.000     1.000     1.000     4.000     1.000     0.000     1.000
     1.000     1.000     1.000     1.000     1.000     8.000     1.000     0.000     1.000
     1.000     1.000     1.000     1.000     1.000     0.000     1.000     0.000     1.000
     0.000     1.000     1.000     1.000     1.000     5.000     1.000     0.000     1.000
     1.000     1.000     1.000     1.000     1.000     1.000     1.000     0.000     1.000
     1.000     1.000     1.000     0.000     1.000     0.000     1.000     0.000     1.000
     1.000     1.000     1.000     1.000     1.000     3.000     1.000     0.000     1.000
     0.000     1.000     1.000     1.000     1.000     4.000     1.000     0.000     1.000
     0.000     0.000     0.000     0.000     0.000     5.000     0.000     1.000     2.000
     1.000     1.000     1.000     1.000     1.000     0.000     1.000     0.000     1.000
     0.000     0.000     0.000     0.000     0.000     0.000     0.000     1.000     2.000
     1.000     1.000     1.000     1.000     1.000     0.000     1.000     0.000     1.000
     0.000     0.000     0.000     0.000     0.000     0.000     0.000     1.000     2.000
     0.000     1.000     1.000     0.000     0.000     1.000     0.201     0.799     2.000
     1.000     0.000     1.000     0.000     1.000     0.000     0.984     0.016     1.000
     1.000     1.000     1.000     1.000     1.000     1.000     1.000     0.000     1.000
     1.000     1.000     1.000     0.000     1.000     0.000     1.000     0.000     1.000
     1.000     1.000     1.000     1.000     1.000     0.000     1.000     0.000     1.000
     0.000     1.000     1.000     0.000     0.000     0.000     0.201     0.799     2.000
     1.000     1.000     1.000     1.000     1.000     0.000     1.000     0.000     1.000
     0.000     0.000     1.000     1.000     1.000     2.000     0.980     0.020     1.000
     1.000     1.000     1.000     1.000     1.000     6.000     1.000     0.000     1.000
     1.000     1.000     1.000     1.000     1.000     1.000     1.000     0.000     1.000
     1.000     1.000     1.000     1.000     1.000     0.000     1.000     0.000     1.000
     0.000     0.000     0.000     0.000     0.000     1.000     0.000     1.000     2.000
     1.000     1.000     1.000     1.000     1.000     0.000     1.000     0.000     1.000
     0.000     1.000     1.000     0.000     1.000     0.000     0.978     0.022     1.000
     0.000     0.000     0.000     1.000     0.000     0.000     0.000     1.000     2.000
     0.000     0.000     1.000     0.000     1.000     0.000     0.458     0.542     2.000
     0.000     1.000     1.000     0.000     0.000     0.000     0.201     0.799     2.000
     1.000     1.000     1.000     1.000     1.000     1.000     1.000     0.000     1.000
     0.000     1.000     1.000     0.000     1.000     0.000     0.978     0.022     1.000
     1.000     1.000     1.000     1.000     1.000     0.000     1.000     0.000     1.000
     0.000     1.000     1.000     1.000     1.000     0.000     1.000     0.000     1.000
     1.000     0.000     1.000     1.000     1.000     0.000     1.000     0.000     1.000
     0.000     1.000     0.000     0.000     0.000     2.000     0.000     1.000     2.000
     1.000     0.000     1.000     1.000     1.000    -2.000     1.000     0.000     1.000
     1.000     0.000     1.000     0.000     0.000     0.000     0.257     0.743     2.000
     0.000     0.000     0.000     0.000     0.000     0.000     0.000     1.000     2.000
     1.000     0.000     1.000     0.000     1.000     0.000     0.984     0.016     1.000
     0.000     0.000     1.000     0.000     0.000     0.000     0.005     0.995     2.000
     0.000     0.000     0.000     0.000     0.000     0.000     0.000     1.000     2.000
     1.000     1.000     1.000     0.000     1.000     2.000     1.000     0.000     1.000
     0.000     0.000     1.000     0.000     1.000     0.000     0.458     0.542     2.000
     0.000     1.000     1.000     1.000     1.000     0.000     1.000     0.000     1.000
     1.000     0.000     1.000     1.000     1.000     0.000     1.000     0.000     1.000
     0.000     1.000     1.000     1.000     1.000     0.000     1.000     0.000     1.000
     0.000     0.000     1.000     1.000     0.000     0.000     0.214     0.786     2.000
     1.000     1.000     1.000     1.000     1.000     1.000     1.000     0.000     1.000
     1.000     1.000     1.000     1.000     1.000     0.000     1.000     0.000     1.000
     0.000     1.000     1.000     1.000     1.000     0.000     1.000     0.000     1.000
     1.000     1.000     1.000     1.000     1.000     1.000     1.000     0.000     1.000
     0.000     0.000     0.000     0.000     0.000     0.000     0.000     1.000     2.000
     1.000     1.000     1.000     1.000     1.000    13.000     1.000     0.000     1.000
     1.000     1.000     1.000     1.000     1.000     0.000     1.000     0.000     1.000
     1.000     1.000     1.000     1.000     1.000     0.000     1.000     0.000     1.000
     0.000     0.000     1.000     0.000     0.000     0.000     0.005     0.995     2.000
     1.000     1.000     1.000     0.000     1.000     0.000     1.000     0.000     1.000
     0.000     0.000     0.000     0.000     0.000     1.000     0.000     1.000     2.000
     0.000     0.000     0.000     0.000     0.000     0.000     0.000     1.000     2.000
     1.000     1.000     1.000     1.000     1.000     0.000     1.000     0.000     1.000
     0.000     0.000     0.000     0.000     0.000     0.000     0.000     1.000     2.000
     1.000     0.000     1.000     0.000     0.000     0.000     0.257     0.743     2.000
     0.000     0.000     0.000     0.000     0.000     6.000     0.000     1.000     2.000
     0.000     1.000     1.000     1.000     1.000     0.000     1.000     0.000     1.000
     0.000     0.000     1.000     0.000     1.000     0.000     0.458     0.542     2.000
     1.000     0.000     1.000     1.000     1.000     0.000     1.000     0.000     1.000
     0.000     0.000     0.000     0.000     0.000     0.000     0.000     1.000     2.000
     0.000     0.000     1.000     0.000     0.000     0.000     0.005     0.995     2.000
     0.000     1.000     1.000     0.000     1.000     0.000     0.978     0.022     1.000
     0.000     1.000     1.000     1.000     1.000     0.000     1.000     0.000     1.000
     1.000     1.000     1.000     1.000     1.000     0.000     1.000     0.000     1.000
     1.000     0.000     1.000     0.000     1.000     0.000     0.984     0.016     1.000
     1.000     1.000     1.000     1.000     1.000     7.000     1.000     0.000     1.000
     0.000     1.000     1.000     1.000     1.000     0.000     1.000     0.000     1.000
     0.000     0.000     0.000     0.000     0.000     0.000     0.000     1.000     2.000
     1.000     1.000     1.000     1.000     1.000     0.000     1.000     0.000     1.000
     1.000     1.000     1.000     0.000     0.000     7.000     0.948     0.052     1.000
     1.000     1.000     1.000     1.000     1.000     4.000     1.000     0.000     1.000
     1.000     1.000     1.000     1.000     1.000     0.000     1.000     0.000     1.000
     0.000     1.000     1.000     0.000     1.000     0.000     0.978     0.022     1.000
     0.000     0.000     0.000     0.000     0.000     0.000     0.000     1.000     2.000
     0.000     1.000     1.000     0.000     1.000     0.000     0.978     0.022     1.000
     1.000     1.000     1.000     1.000     1.000     1.000     1.000     0.000     1.000
     0.000     1.000     1.000     0.000     1.000     1.000     0.978     0.022     1.000
     0.000     1.000     1.000     1.000     1.000    -1.000     1.000     0.000     1.000
     1.000     1.000     1.000     1.000     1.000     0.000     1.000     0.000     1.000
     0.000     0.000     1.000     0.000     0.000     2.000     0.005     0.995     2.000
     0.000     0.000     0.000     0.000     0.000     0.000     0.000     1.000     2.000
     0.000     0.000     1.000     0.000     0.000     0.000     0.005     0.995     2.000
     0.000     0.000     0.000     0.000     0.000     0.000     0.000     1.000     2.000
     0.000     1.000     1.000     0.000     1.000     0.000     0.978     0.022     1.000
     0.000     1.000     1.000     1.000     1.000     1.000     1.000     0.000     1.000
     0.000     0.000     0.000     0.000     0.000     0.000     0.000     1.000     2.000
     0.000     0.000     0.000     0.000     0.000     2.000     0.000     1.000     2.000
     0.000     0.000     0.000     0.000     0.000     1.000     0.000     1.000     2.000
     0.000     0.000     0.000     0.000     0.000     0.000     0.000     1.000     2.000
     0.000     0.000     1.000     0.000     0.000     0.000     0.005     0.995     2.000
     1.000     0.000     1.000     1.000     0.000     0.000     0.952     0.048     1.000
     1.000     1.000     1.000     1.000     1.000     0.000     1.000     0.000     1.000
     1.000     1.000     1.000     1.000     1.000     0.000     1.000     0.000     1.000
     0.000     1.000     1.000     0.000     1.000     0.000     0.978     0.022     1.000
     1.000     1.000     1.000     1.000     1.000     0.000     1.000     0.000     1.000
     1.000     1.000     1.000     1.000     1.000     4.000     1.000     0.000     1.000
     1.000     0.000     1.000     0.000     1.000     0.000     0.984     0.016     1.000
     1.000     1.000     1.000     1.000     1.000     1.000     1.000     0.000     1.000
     1.000     1.000     1.000     0.000     1.000     0.000     1.000     0.000     1.000
     1.000     1.000     1.000     1.000     1.000     1.000     1.000     0.000     1.000
     0.000     0.000     0.000     0.000     0.000     0.000     0.000     1.000     2.000
     1.000     1.000     1.000     1.000     1.000     0.000     1.000     0.000     1.000
     1.000     1.000     1.000     1.000     1.000     0.000     1.000     0.000     1.000
     0.000     0.000     0.000     0.000     0.000     0.000     0.000     1.000     2.000
     1.000     1.000     1.000     1.000     1.000     0.000     1.000     0.000     1.000
     1.000     1.000     1.000     0.000     1.000     1.000     1.000     0.000     1.000
     0.000     1.000     1.000     1.000     0.000    12.000     0.935     0.065     1.000
     0.000     0.000     0.000     0.000     0.000     0.000     0.000     1.000     2.000
     1.000     0.000     1.000     0.000     1.000     0.000     0.984     0.016     1.000
     0.000     0.000     1.000     0.000     0.000     0.000     0.005     0.995     2.000
     0.000     1.000     1.000     1.000     1.000     0.000     1.000     0.000     1.000
     1.000     1.000     1.000     0.000     1.000     0.000     1.000     0.000     1.000
     1.000     1.000     1.000     1.000     1.000     2.000     1.000     0.000     1.000
     1.000     1.000     1.000     1.000     1.000     0.000     1.000     0.000     1.000
     1.000     1.000     1.000     0.000     1.000     0.000     1.000     0.000     1.000
