     0.000     0.000     1.000     0.000     1.000     3.000     0.317     0.683     2.000
     1.000     1.000     1.000     1.000     1.000     3.000     1.000     0.000     1.000
     1.000     1.000     1.000     0.000     1.000     3.000     1.000     0.000     1.000
     1.000     1.000     1.000     1.000     1.000     1.000     1.000     0.000     1.000
     1.000     1.000     1.000     1.000     1.000     3.000     1.000     0.000     1.000
     0.000     0.000     1.000     0.000     1.000     3.000     0.317     0.683     2.000
     0.000     0.000     1.000     0.000     1.000     1.000     0.317     0.683     2.000
     0.000     1.000     1.000     0.000     1.000     3.000     0.974     0.026     1.000
     0.000     0.000     0.000     0.000     0.000     1.000     0.000     1.000     2.000
     1.000     1.000     1.000     0.000     1.000     1.000     1.000     0.000     1.000
     1.000     1.000     1.000     1.000     1.000     1.000     1.000     0.000     1.000
     1.000     1.000     1.000     1.000     1.000     1.000     1.000     0.000     1.000
     1.000     1.000     1.000     0.000     1.000     1.000     1.000     0.000     1.000
     1.000     1.000     1.000     1.000     1.000     1.000     1.000     0.000     1.000
     1.000     1.000     1.000     1.000     1.000     3.000     1.000     0.000     1.000
     1.000     1.000     1.000     0.000     1.000     3.000     1.000     0.000     1.000
     0.000     0.000     1.000     1.000     1.000     1.000     0.943     0.057     1.000
     1.000     1.000     1.000     1.000     1.000     1.000     1.000     0.000     1.000
     1.000     1.000     1.000     1.000     1.000     1.000     1.000     0.000     1.000
     0.000     0.000     0.000     0.000     0.000     3.000     0.000     1.000     2.000
     0.000     0.000     1.000     1.000     0.000     3.000     0.111     0.889     2.000
     0.000     0.000     0.000     0.000     0.000     1.000     0.000     1.000     2.000
     1.000     0.000     1.000     1.000     1.000     3.000     1.000     0.000     1.000
     1.000     1.000     1.000     1.000     1.000     1.000     1.000     0.000     1.000
     0.000     0.000     0.000     0.000     0.000     1.000     0.000     1.000     2.000
     1.000     1.000     1.000     1.000     1.000     1.000     1.000     0.000     1.000
     0.000     0.000     0.000     0.000     0.000     1.000     0.000     1.000     2.000
     0.000     0.000     0.000     0.000     0.000     1.000     0.000     1.000     2.000
     0.000     0.000     0.000     0.000     0.000     1.000     0.000     1.000     2.000
     1.000     1.000     1.000     1.000     1.000     3.000     1.000     0.000     1.000
     0.000     0.000     1.000     0.000     0.000     1.000     0.004     0.996     2.000
     0.000     0.000     0.000     0.000     0.000     3.000     0.000     1.000     2.000
     0.000     0.000     0.000     0.000     0.000     1.000     0.000     1.000     2.000
     1.000     1.000     1.000     0.000     1.000     1.000     1.000     0.000     1.000
     1.000     1.000     1.000     1.000     1.000     3.000     1.000     0.000     1.000
     0.000     0.000     0.000     0.000     0.000     3.000     0.000     1.000     2.000
     0.000     1.000     1.000     1.000     1.000     1.000     0.999     0.001     1.000
     1.000     1.000     1.000     0.000     1.000     3.000     1.000     0.000     1.000
     1.000     1.000     1.000     1.000     1.000     1.000     1.000     0.000     1.000
     1.000     1.000     1.000     0.000     1.000     1.000     1.000     0.000     1.000
     1.000     1.000     1.000     1.000     1.000     1.000     1.000     0.000     1.000
     0.000     0.000     0.000     0.000     1.000     3.000     0.001     0.999     2.000
     0.000     0.000     0.000     0.000     0.000     1.000     0.000     1.000     2.000
     0.000     0.000     1.000     1.000     1.000     3.000     0.943     0.057     1.000
     0.000     0.000     1.000     0.000     1.000     1.000     0.317     0.683     2.000
     0.000     0.000     0.000     0.000     0.000     3.000     0.000     1.000     2.000
     1.000     1.000     1.000     1.000     1.000     1.000     1.000     0.000     1.000
     0.000     0.000     0.000     0.000     0.000     3.000     0.000     1.000     2.000
     1.000     0.000     1.000     0.000     1.000     1.000     0.987     0.013     1.000
     1.000     1.000     1.000     1.000     1.000     3.000     1.000     0.000     1.000
     1.000     1.000     1.000     1.000     1.000     1.000     1.000     0.000     1.000
     1.000     1.000     1.000     1.000     1.000     3.000     1.000     0.000     1.000
     1.000     1.000     1.000     0.000     1.000     1.000     1.000     0.000     1.000
     1.000     1.000     1.000     0.000     1.000     1.000     1.000     0.000     1.000
     0.000     0.000     0.000     0.000     0.000     2.000     0.000     1.000     2.000
     1.000     0.000     1.000     1.000     1.000     1.000     1.000     0.000     1.000
     1.000     1.000     1.000     1.000     1.000     1.000     1.000     0.000     1.000
     0.000     1.000     1.000     0.000     1.000     3.000     0.974     0.026     1.000
     0.000     0.000     1.000     0.000     1.000     3.000     0.317     0.683     2.000
     0.000     0.000     1.000     0.000     0.000     3.000     0.004     0.996     2.000
     0.000     0.000     1.000     0.000     1.000     3.000     0.317     0.683     2.000
     0.000     1.000     1.000     1.000     0.000     3.000     0.909     0.091     1.000
     0.000     0.000     1.000     0.000     0.000     3.000     0.004     0.996     2.000
     1.000     1.000     1.000     1.000     1.000     3.000     1.000     0.000     1.000
     1.000     0.000     1.000     1.000     1.000     1.000     1.000     0.000     1.000
     0.000     0.000     1.000     0.000     1.000     1.000     0.317     0.683     2.000
     0.000     0.000     0.000     0.000     1.000     1.000     0.001     0.999     2.000
     0.000     0.000     0.000     0.000     0.000     3.000     0.000     1.000     2.000
     1.000     1.000     1.000     1.000     1.000     1.000     1.000     0.000     1.000
     1.000     0.000     1.000     1.000     1.000     1.000     1.000     0.000     1.000
     0.000     0.000     1.000     0.000     0.000     1.000     0.004     0.996     2.000
     1.000     0.000     1.000     0.000     1.000     1.000     0.987     0.013     1.000
     1.000     1.000     1.000     1.000     1.000     3.000     1.000     0.000     1.000
     0.000     0.000     1.000     0.000     0.000     1.000     0.004     0.996     2.000
     1.000     0.000     1.000     1.000     1.000     3.000     1.000     0.000     1.000
     0.000     0.000     0.000     0.000     0.000     1.000     0.000     1.000     2.000
     0.000     1.000     1.000     1.000     1.000     3.000     0.999     0.001     1.000
     1.000     1.000     1.000     0.000     1.000     3.000     1.000     0.000     1.000
     1.000     1.000     1.000     1.000     1.000     1.000     1.000     0.000     1.000
     0.000     0.000     0.000     0.000     0.000     3.000     0.000     1.000     2.000
     0.000     1.000     1.000     1.000     1.000     1.000     0.999     0.001     1.000
     0.000     0.000     0.000     0.000     1.000     3.000     0.001     0.999     2.000
     0.000     1.000     1.000     1.000     1.000     3.000     0.999     0.001     1.000
     0.000     0.000     0.000     0.000     0.000     1.000     0.000     1.000     2.000
     0.000     1.000     1.000     0.000     1.000     1.000     0.974     0.026     1.000
     0.000     0.000     0.000     0.000     0.000     3.000     0.000     1.000     2.000
     0.000     0.000     0.000     0.000     0.000     3.000     0.000     1.000     2.000
     0.000     0.000     1.000     0.000     1.000     1.000     0.317     0.683     2.000
     1.000     1.000     1.000     1.000     1.000     3.000     1.000     0.000     1.000
     0.000     0.000     1.000     0.000     1.000     1.000     0.317     0.683     2.000
     1.000     1.000     1.000     1.000     1.000     1.000     1.000     0.000     1.000
     1.000     1.000     1.000     1.000     1.000     3.000     1.000     0.000     1.000
     0.000     1.000     1.000     1.000     1.000     1.000     0.999     0.001     1.000
     1.000     1.000     1.000     1.000     1.000     3.000     1.000     0.000     1.000
     1.000     1.000     1.000     1.000     1.000     1.000     1.000     0.000     1.000
     0.000     0.000     1.000     1.000     0.000     1.000     0.111     0.889     2.000
     1.000     1.000     1.000     1.000     1.000     1.000     1.000     0.000     1.000
     1.000     1.000     1.000     1.000     1.000     1.000     1.000     0.000     1.000
     0.000     0.000     0.000     1.000     1.000     3.000     0.029     0.971     2.000
     0.000     0.000     0.000     0.000     0.000     1.000     0.000     1.000     2.000
     0.000     0.000     0.000     0.000     0.000     1.000     0.000     1.000     2.000
     1.000     1.000     1.000     1.000     1.000     2.000     1.000     0.000     1.000
     0.000     1.000     1.000     1.000     1.000     3.000     0.999     0.001     1.000
     0.000     0.000     0.000     0.000     0.000     1.000     0.000     1.000     2.000
     1.000     1.000     1.000     1.000     1.000     3.000     1.000     0.000     1.000
     0.000     1.000     1.000     0.000     1.000     3.000     0.974     0.026     1.000
     0.000     1.000     1.000     1.000     1.000     3.000     0.999     0.001     1.000
     1.000     1.000     1.000     0.000     1.000     1.000     1.000     0.000     1.000
     1.000     1.000     1.000     1.000     1.000     1.000     1.000     0.000     1.000
     0.000     1.000     0.000     0.000     0.000     3.000     0.001     0.999     2.000
     0.000     1.000     1.000     1.000     1.000     1.000     0.999     0.001     1.000
     0.000     1.000     1.000     1.000     1.000     2.000     0.999     0.001     1.000
     0.000     1.000     1.000     0.000     1.000     1.000     0.974     0.026     1.000
     1.000     1.000     1.000     1.000     1.000     1.000     1.000     0.000     1.000
     1.000     1.000     0.000     1.000     1.000     4.000     0.997     0.003     1.000
     0.000     0.000     0.000     1.000     0.000     1.000     0.000     1.000     2.000
     1.000     1.000     1.000     0.000     1.000     3.000     1.000     0.000     1.000
     0.000     0.000     1.000     1.000     1.000     3.000     0.943     0.057     1.000
     1.000     1.000     1.000     1.000     1.000     3.000     1.000     0.000     1.000
     0.000     1.000     1.000     1.000     1.000     3.000     0.999     0.001     1.000
     1.000     1.000     1.000     1.000     1.000     3.000     1.000     0.000     1.000
     0.000     0.000     1.000     0.000     0.000     3.000     0.004     0.996     2.000
     0.000     0.000     0.000     0.000     0.000     1.000     0.000     1.000     2.000
     0.000     1.000     1.000     1.000     1.000     1.000     0.999     0.001     1.000
     0.000     0.000     0.000     0.000     0.000     1.000     0.000     1.000     2.000
     1.000     1.000     1.000     1.000     1.000     1.000     1.000     0.000     1.000
     1.000     1.000     1.000     1.000     1.000     1.000     1.000     0.000     1.000
     1.000     1.000     1.000     1.000     1.000     1.000     1.000     0.000     1.000
     0.000     0.000     0.000     0.000     0.000     1.000     0.000     1.000     2.000
     1.000     0.000     1.000     1.000     1.000     1.000     1.000     0.000     1.000
     1.000     1.000     1.000     1.000     1.000     3.000     1.000     0.000     1.000
     1.000     1.000     1.000     1.000     1.000     1.000     1.000     0.000     1.000
     1.000     1.000     1.000     1.000     1.000     2.000     1.000     0.000     1.000
     0.000     0.000     0.000     0.000     0.000     1.000     0.000     1.000     2.000
     0.000     0.000     0.000     0.000     0.000     1.000     0.000     1.000     2.000
     0.000     0.000     0.000     0.000     0.000     1.000     0.000     1.000     2.000
     0.000     1.000     1.000     0.000     0.000     3.000     0.220     0.780     2.000
     0.000     1.000     1.000     1.000     1.000     1.000     0.999     0.001     1.000
     1.000     0.000     1.000     0.000     1.000     3.000     0.987     0.013     1.000
     0.000     0.000     0.000     0.000     0.000     1.000     0.000     1.000     2.000
     0.000     1.000     1.000     1.000     1.000     1.000     0.999     0.001     1.000
     0.000     1.000     1.000     1.000     1.000     1.000     0.999     0.001     1.000
     1.000     1.000     1.000     1.000     1.000     3.000     1.000     0.000     1.000
     1.000     1.000     1.000     1.000     1.000     1.000     1.000     0.000     1.000
     1.000     0.000     1.000     0.000     1.000     3.000     0.987     0.013     1.000
     1.000     1.000     1.000     0.000     1.000     1.000     1.000     0.000     1.000
     1.000     1.000     1.000     0.000     1.000     3.000     1.000     0.000     1.000
     0.000     0.000     0.000     0.000     0.000     1.000     0.000     1.000     2.000
     1.000     1.000     1.000     1.000     1.000     3.000     1.000     0.000     1.000
     0.000     0.000     0.000     0.000     0.000     3.000     0.000     1.000     2.000
     1.000     1.000     1.000     1.000     1.000     1.000     1.000     0.000     1.000
     1.000     1.000     1.000     1.000     1.000     1.000     1.000     0.000     1.000
     0.000     1.000     1.000     0.000     0.000     3.000     0.220     0.780     2.000
     1.000     1.000     1.000     1.000     1.000     1.000     1.000     0.000     1.000
     1.000     0.000     1.000     1.000     1.000     3.000     1.000     0.000     1.000
     0.000     0.000     1.000     1.000     1.000     3.000     0.943     0.057     1.000
     1.000     1.000     1.000     1.000     1.000     1.000     1.000     0.000     1.000
     1.000     1.000     1.000     1.000     1.000     3.000     1.000     0.000     1.000
     1.000     1.000     1.000     1.000     1.000     3.000     1.000     0.000     1.000
     1.000     1.000     1.000     0.000     1.000     3.000     1.000     0.000     1.000
     1.000     1.000     1.000     1.000     1.000     1.000     1.000     0.000     1.000
     1.000     1.000     1.000     0.000     1.000     3.000     1.000     0.000     1.000
     0.000     0.000     0.000     0.000     0.000     1.000     0.000     1.000     2.000
     1.000     1.000     1.000     1.000     1.000     2.000     1.000     0.000     1.000
     1.000     1.000     1.000     1.000     1.000     3.000     1.000     0.000     1.000
     0.000     1.000     1.000     0.000     1.000     3.000     0.974     0.026     1.000
     1.000     1.000     1.000     0.000     1.000     1.000     1.000     0.000     1.000
     1.000     1.000     1.000     1.000     1.000     1.000     1.000     0.000     1.000
     1.000     1.000     1.000     1.000     1.000     1.000     1.000     0.000     1.000
     0.000     1.000     1.000     0.000     1.000     3.000     0.974     0.026     1.000
     0.000     1.000     1.000     0.000     0.000     1.000     0.220     0.780     2.000
     0.000     0.000     0.000     1.000     0.000     3.000     0.000     1.000     2.000
     1.000     1.000     1.000     1.000     1.000     3.000     1.000     0.000     1.000
     0.000     0.000     1.000     0.000     1.000     1.000     0.317     0.683     2.000
     0.000     0.000     0.000     0.000     0.000     1.000     0.000     1.000     2.000
     0.000     1.000     1.000     0.000     0.000     3.000     0.220     0.780     2.000
     1.000     1.000     1.000     1.000     1.000     1.000     1.000     0.000     1.000
     1.000     1.000     1.000     0.000     0.000     3.000     0.978     0.022     1.000
     0.000     0.000     0.000     0.000     0.000     1.000     0.000     1.000     2.000
     0.000     1.000     1.000     0.000     1.000     3.000     0.974     0.026     1.000
     0.000     0.000     0.000     0.000     0.000     1.000     0.000     1.000     2.000
     1.000     1.000     1.000     1.000     1.000     3.000     1.000     0.000     1.000
     0.000     0.000     1.000     1.000     0.000     1.000     0.111     0.889     2.000
     1.000     1.000     1.000     1.000     1.000     1.000     1.000     0.000     1.000
     0.000     0.000     0.000     0.000     0.000     4.000     0.000     1.000     2.000
     0.000     0.000     0.000     0.000     0.000     1.000     0.000     1.000     2.000
     0.000     1.000     1.000     1.000     1.000     1.000     0.999     0.001     1.000
     0.000     0.000     1.000     0.000     0.000     3.000     0.004     0.996     2.000
     0.000     1.000     1.000     1.000     1.000     3.000     0.999     0.001     1.000
     0.000     0.000     0.000     0.000     0.000     1.000     0.000     1.000     2.000
     1.000     0.000     1.000     1.000     1.000     3.000     1.000     0.000     1.000
     0.000     1.000     0.000     0.000     0.000     1.000     0.001     0.999     2.000
     1.000     0.000     1.000     1.000     1.000     1.000     1.000     0.000     1.000
     0.000     1.000     1.000     0.000     0.000     1.000     0.220     0.780     2.000
     1.000     0.000     1.000     0.000     0.000     1.000     0.362     0.638     2.000
     1.000     1.000     1.000     0.000     1.000     1.000     1.000     0.000     1.000
     0.000     0.000     1.000     0.000     0.000     1.000     0.004     0.996     2.000
     1.000     1.000     1.000     0.000     1.000     3.000     1.000     0.000     1.000
     0.000     0.000     1.000     1.000     0.000     3.000     0.111     0.889     2.000
     0.000     0.000     0.000     0.000     0.000     1.000     0.000     1.000     2.000
     1.000     1.000     1.000     1.000     1.000     2.000     1.000     0.000     1.000
     1.000     0.000     1.000     0.000     1.000     3.000     0.987     0.013     1.000
     1.000     1.000     1.000     0.000     1.000     1.000     1.000     0.000     1.000
     1.000     1.000     1.000     1.000     1.000     2.000     1.000     0.000     1.000
     1.000     1.000     1.000     1.000     1.000     3.000     1.000     0.000     1.000
     0.000     0.000     0.000     0.000     0.000     4.000     0.000     1.000     2.000
     0.000     0.000     0.000     0.000     0.000     1.000     0.000     1.000     2.000
     0.000     0.000     1.000     0.000     0.000     3.000     0.004     0.996     2.000
     0.000     0.000     0.000     0.000     0.000     3.000     0.000     1.000     2.000
     1.000     1.000     1.000     1.000     1.000     1.000     1.000     0.000     1.000
     0.000     0.000     1.000     0.000     1.000     3.000     0.317     0.683     2.000
     1.000     1.000     1.000     1.000     1.000     3.000     1.000     0.000     1.000
     0.000     0.000     0.000     0.000     0.000     1.000     0.000     1.000     2.000
     1.000     1.000     1.000     0.000     1.000     1.000     1.000     0.000     1.000
     0.000     0.000     1.000     0.000     1.000     1.000     0.317     0.683     2.000
     0.000     0.000     1.000     0.000     1.000     3.000     0.317     0.683     2.000
     0.000     1.000     1.000     1.000     1.000     3.000     0.999     0.001     1.000
     1.000     0.000     1.000     1.000     1.000     1.000     1.000     0.000     1.000
     1.000     1.000     1.000     1.000     1.000     3.000     1.000     0.000     1.000
     0.000     1.000     1.000     1.000     1.000     3.000     0.999     0.001     1.000
     0.000     0.000     1.000     0.000     0.000     1.000     0.004     0.996     2.000
     1.000     1.000     1.000     1.000     1.000     1.000     1.000     0.000     1.000
     0.000     0.000     0.000     0.000     1.000     1.000     0.001     0.999     2.000
     1.000     1.000     1.000     1.000     1.000     1.000     1.000     0.000     1.000
     0.000     1.000     1.000     1.000     1.000     3.000     0.999     0.001     1.000
     1.000     1.000     1.000     1.000     0.000     1.000     0.999     0.001     1.000
     0.000     1.000     1.000     1.000     1.000     3.000     0.999     0.001     1.000
     0.000     0.000     1.000     1.000     0.000     1.000     0.111     0.889     2.000
     1.000     1.000     1.000     1.000     1.000     1.000     1.000     0.000     1.000
     1.000     1.000     1.000     1.000     1.000     1.000     1.000     0.000     1.000
     1.000     1.000     1.000     1.000     1.000     1.000     1.000     0.000     1.000
     1.000     1.000     1.000     1.000     1.000     3.000     1.000     0.000     1.000
     1.000     1.000     1.000     1.000     1.000     1.000     1.000     0.000     1.000
     0.000     1.000     1.000     1.000     1.000     3.000     0.999     0.001     1.000
     1.000     1.000     1.000     1.000     1.000     3.000     1.000     0.000     1.000
     1.000     1.000     1.000     1.000     1.000     3.000     1.000     0.000     1.000
     0.000     0.000     0.000     0.000     0.000     1.000     0.000     1.000     2.000
     1.000     1.000     1.000     1.000     1.000     3.000     1.000     0.000     1.000
     0.000     0.000     1.000     0.000     0.000     1.000     0.004     0.996     2.000
     0.000     0.000     1.000     1.000     0.000     3.000     0.111     0.889     2.000
     1.000     1.000     1.000     1.000     1.000     1.000     1.000     0.000     1.000
     1.000     1.000     1.000     1.000     1.000     3.000     1.000     0.000     1.000
     0.000     0.000     1.000     0.000     0.000     1.000     0.004     0.996     2.000
     0.000     0.000     1.000     0.000     1.000     3.000     0.317     0.683     2.000
     1.000     1.000     1.000     0.000     1.000     4.000     1.000     0.000     1.000
     0.000     0.000     1.000     0.000     0.000     3.000     0.004     0.996     2.000
     0.000     0.000     0.000     0.000     0.000     3.000     0.000     1.000     2.000
     0.000     1.000     1.000     1.000     1.000     3.000     0.999     0.001     1.000
     0.000     0.000     0.000     0.000     0.000     1.000     0.000     1.000     2.000
     0.000     0.000     0.000     0.000     0.000     3.000     0.000     1.000     2.000
     0.000     0.000     0.000     0.000     0.000     1.000     0.000     1.000     2.000
     1.000     0.000     1.000     0.000     1.000     3.000     0.987     0.013     1.000
     0.000     0.000     0.000     0.000     0.000     1.000     0.000     1.000     2.000
     1.000     1.000     1.000     1.000     1.000     4.000     1.000     0.000     1.000
     0.000     0.000     0.000     0.000     0.000     1.000     0.000     1.000     2.000
     1.000     0.000     1.000     0.000     1.000     1.000     0.987     0.013     1.000
     0.000     0.000     1.000     0.000     1.000     1.000     0.317     0.683     2.000
     1.000     1.000     1.000     1.000     1.000     4.000     1.000     0.000     1.000
     1.000     1.000     1.000     1.000     1.000     3.000     1.000     0.000     1.000
     1.000     0.000     1.000     0.000     0.000     3.000     0.362     0.638     2.000
     0.000     0.000     0.000     0.000     0.000     1.000     0.000     1.000     2.000
     0.000     0.000     0.000     0.000     0.000     1.000     0.000     1.000     2.000
     1.000     0.000     0.000     0.000     0.000     3.000     0.001     0.999     2.000
     0.000     0.000     0.000     0.000     0.000     1.000     0.000     1.000     2.000
     1.000     1.000     1.000     1.000     1.000     3.000     1.000     0.000     1.000
     0.000     0.000     1.000     0.000     0.000     3.000     0.004     0.996     2.000
     0.000     1.000     1.000     1.000     1.000     1.000     0.999     0.001     1.000
     0.000     0.000     1.000     1.000     0.000     3.000     0.111     0.889     2.000
     1.000     1.000     1.000     1.000     1.000     1.000     1.000     0.000     1.000
     1.000     0.000     1.000     1.000     1.000     1.000     1.000     0.000     1.000
     1.000     1.000     1.000     1.000     1.000     3.000     1.000     0.000     1.000
     0.000     0.000     1.000     0.000     1.000     3.000     0.317     0.683     2.000
     1.000     0.000     1.000     1.000     1.000     1.000     1.000     0.000     1.000
     0.000     0.000     0.000     0.000     0.000     3.000     0.000     1.000     2.000
     0.000     0.000     1.000     0.000     0.000     1.000     0.004     0.996     2.000
     1.000     1.000     1.000     1.000     1.000     1.000     1.000     0.000     1.000
     1.000     1.000     1.000     1.000     1.000     4.000     1.000     0.000     1.000
     0.000     1.000     1.000     0.000     1.000     1.000     0.974     0.026     1.000
     0.000     1.000     1.000     1.000     1.000     3.000     0.999     0.001     1.000
     1.000     1.000     1.000     1.000     1.000     1.000     1.000     0.000     1.000
     0.000     1.000     1.000     1.000     1.000     1.000     0.999     0.001     1.000
     1.000     1.000     1.000     0.000     1.000     3.000     1.000     0.000     1.000
     0.000     1.000     1.000     0.000     0.000     1.000     0.220     0.780     2.000
     1.000     1.000     1.000     1.000     1.000     1.000     1.000     0.000     1.000
     1.000     1.000     1.000     1.000     1.000     3.000     1.000     0.000     1.000
     0.000     0.000     0.000     0.000     0.000     1.000     0.000     1.000     2.000
     1.000     1.000     1.000     1.000     1.000     1.000     1.000     0.000     1.000
     1.000     1.000     1.000     1.000     1.000     1.000     1.000     0.000     1.000
     0.000     0.000     0.000     0.000     0.000     1.000     0.000     1.000     2.000
     0.000     0.000     0.000     1.000     1.000     3.000     0.029     0.971     2.000
     1.000     1.000     1.000     1.000     1.000     3.000     1.000     0.000     1.000
     1.000     0.000     1.000     0.000     1.000     3.000     0.987     0.013     1.000
     0.000     1.000     1.000     1.000     1.000     3.000     0.999     0.001     1.000
     0.000     0.000     1.000     0.000     1.000     1.000     0.317     0.683     2.000
     0.000     1.000     1.000     1.000     1.000     2.000     0.999     0.001     1.000
     1.000     1.000     1.000     1.000     1.000     3.000     1.000     0.000     1.000
     0.000     0.000     0.000     0.000     1.000     3.000     0.001     0.999     2.000
     1.000     1.000     1.000     1.000     1.000     1.000     1.000     0.000     1.000
     0.000     1.000     1.000     1.000     1.000     1.000     0.999     0.001     1.000
     0.000     0.000     0.000     0.000     0.000     4.000     0.000     1.000     2.000
     1.000     1.000     1.000     1.000     1.000     3.000     1.000     0.000     1.000
     0.000     0.000     0.000     0.000     0.000     3.000     0.000     1.000     2.000
     1.000     1.000     1.000     1.000     1.000     1.000     1.000     0.000     1.000
     1.000     1.000     1.000     1.000     1.000     1.000     1.000     0.000     1.000
     1.000     1.000     1.000     0.000     1.000     1.000     1.000     0.000     1.000
     1.000     1.000     1.000     0.000     0.000     3.000     0.978     0.022     1.000
     1.000     1.000     1.000     1.000     1.000     1.000     1.000     0.000     1.000
     1.000     1.000     1.000     1.000     1.000     1.000     1.000     0.000     1.000
     1.000     1.000     1.000     1.000     1.000     4.000     1.000     0.000     1.000
     0.000     1.000     1.000     1.000     1.000     3.000     0.999     0.001     1.000
     1.000     1.000     1.000     1.000     1.000     2.000     1.000     0.000     1.000
     0.000     1.000     1.000     0.000     1.000     1.000     0.974     0.026     1.000
     0.000     0.000     0.000     0.000     0.000     1.000     0.000     1.000     2.000
     0.000     0.000     1.000     1.000     1.000     1.000     0.943     0.057     1.000
     1.000     1.000     1.000     1.000     1.000     1.000     1.000     0.000     1.000
     0.000     1.000     1.000     0.000     1.000     3.000     0.974     0.026     1.000
     1.000     1.000     1.000     1.000     1.000     2.000     1.000     0.000     1.000
     0.000     0.000     0.000     0.000     0.000     3.000     0.000     1.000     2.000
     1.000     1.000     1.000     1.000     1.000     3.000     1.000     0.000     1.000
     0.000     0.000     0.000     0.000     1.000     1.000     0.001     0.999     2.000
     0.000     1.000     1.000     0.000     1.000     3.000     0.974     0.026     1.000
     0.000     0.000     1.000     1.000     1.000     3.000     0.943     0.057     1.000
     1.000     1.000     1.000     1.000     1.000     1.000     1.000     0.000     1.000
     1.000     1.000     1.000     1.000     1.000     2.000     1.000     0.000     1.000
     0.000     1.000     1.000     1.000     1.000     3.000     0.999     0.001     1.000
     0.000     0.000     0.000     0.000     0.000     1.000     0.000     1.000     2.000
     0.000     0.000     0.000     0.000     0.000     3.000     0.000     1.000     2.000
     0.000     1.000     1.000     0.000     1.000     1.000     0.974     0.026     1.000
     1.000     1.000     1.000     1.000     1.000     1.000     1.000     0.000     1.000
     0.000     0.000     1.000     0.000     0.000     3.000     0.004     0.996     2.000
     1.000     1.000     1.000     1.000     1.000     3.000     1.000     0.000     1.000
     0.000     0.000     0.000     0.000     0.000     1.000     0.000     1.000     2.000
     1.000     1.000     1.000     1.000     1.000     2.000     1.000     0.000     1.000
     0.000     0.000     1.000     0.000     0.000     3.000     0.004     0.996     2.000
     1.000     1.000     1.000     1.000     1.000     1.000     1.000     0.000     1.000
     1.000     1.000     1.000     1.000     0.000     3.000     0.999     0.001     1.000
     0.000     0.000     1.000     0.000     1.000     1.000     0.317     0.683     2.000
     0.000     0.000     0.000     0.000     0.000     1.000     0.000     1.000     2.000
     0.000     1.000     1.000     1.000     1.000     3.000     0.999     0.001     1.000
     0.000     0.000     0.000     0.000     0.000     1.000     0.000     1.000     2.000
     0.000     0.000     1.000     1.000     0.000     1.000     0.111     0.889     2.000
     0.000     1.000     1.000     0.000     1.000     1.000     0.974     0.026     1.000
     0.000     1.000     1.000     1.000     1.000     1.000     0.999     0.001     1.000
     0.000     1.000     1.000     1.000     0.000     1.000     0.909     0.091     1.000
     0.000     0.000     1.000     0.000     1.000     3.000     0.317     0.683     2.000
     1.000     1.000     1.000     1.000     1.000     3.000     1.000     0.000     1.000
     0.000     1.000     1.000     1.000     1.000     1.000     0.999     0.001     1.000
     1.000     1.000     1.000     1.000     1.000     3.000     1.000     0.000     1.000
     1.000     1.000     1.000     1.000     1.000     1.000     1.000     0.000     1.000
     0.000     0.000     0.000     0.000     0.000     3.000     0.000     1.000     2.000
     1.000     1.000     1.000     1.000     1.000     1.000     1.000     0.000     1.000
     0.000     0.000     0.000     0.000     0.000     3.000     0.000     1.000     2.000
     0.000     0.000     0.000     0.000     0.000     3.000     0.000     1.000     2.000
     0.000     0.000     0.000     0.000     0.000     1.000     0.000     1.000     2.000
     1.000     1.000     1.000     1.000     1.000     3.000     1.000     0.000     1.000
     0.000     0.000     0.000     0.000     0.000     3.000     0.000     1.000     2.000
     0.000     0.000     0.000     0.000     0.000     1.000     0.000     1.000     2.000
     0.000     1.000     1.000     0.000     1.000     3.000     0.974     0.026     1.000
     0.000     0.000     0.000     0.000     0.000     3.000     0.000     1.000     2.000
     0.000     0.000     1.000     0.000     0.000     1.000     0.004     0.996     2.000
     1.000     1.000     1.000     1.000     0.000     3.000     0.999     0.001     1.000
     1.000     0.000     1.000     1.000     0.000     2.000     0.953     0.047     1.000
     0.000     0.000     1.000     1.000     1.000     1.000     0.943     0.057     1.000
     1.000     1.000     1.000     1.000     1.000     3.000     1.000     0.000     1.000
     0.000     0.000     0.000     0.000     0.000     1.000     0.000     1.000     2.000
     1.000     1.000     1.000     1.000     1.000     1.000     1.000     0.000     1.000
     0.000     0.000     0.000     0.000     0.000     1.000     0.000     1.000     2.000
     1.000     1.000     1.000     1.000     1.000     1.000     1.000     0.000     1.000
     1.000     1.000     1.000     1.000     1.000     1.000     1.000     0.000     1.000
     0.000     0.000     0.000     0.000     0.000     1.000     0.000     1.000     2.000
     0.000     0.000     0.000     0.000     0.000     1.000     0.000     1.000     2.000
     0.000     1.000     1.000     0.000     1.000     3.000     0.974     0.026     1.000
     1.000     1.000     1.000     1.000     1.000     3.000     1.000     0.000     1.000
     0.000     1.000     1.000     1.000     1.000     1.000     0.999     0.001     1.000
     1.000     1.000     1.000     1.000     1.000     1.000     1.000     0.000     1.000
     1.000     0.000     1.000     0.000     1.000     1.000     0.987     0.013     1.000
     1.000     1.000     1.000     1.000     1.000     3.000     1.000     0.000     1.000
     1.000     1.000     1.000     1.000     1.000     1.000     1.000     0.000     1.000
     0.000     1.000     1.000     0.000     0.000     1.000     0.220     0.780     2.000
     0.000     0.000     0.000     0.000     0.000     3.000     0.000     1.000     2.000
     0.000     0.000     0.000     0.000     0.000     1.000     0.000     1.000     2.000
     1.000     1.000     1.000     1.000     1.000     1.000     1.000     0.000     1.000
     0.000     1.000     1.000     0.000     1.000     3.000     0.974     0.026     1.000
     0.000     0.000     0.000     0.000     0.000     1.000     0.000     1.000     2.000
     1.000     0.000     1.000     1.000     1.000     3.000     1.000     0.000     1.000
     1.000     1.000     1.000     0.000     1.000     2.000     1.000     0.000     1.000
     1.000     0.000     1.000     0.000     1.000     4.000     0.987     0.013     1.000
     1.000     1.000     1.000     1.000     1.000     2.000     1.000     0.000     1.000
     1.000     0.000     1.000     1.000     1.000     1.000     1.000     0.000     1.000
     0.000     0.000     0.000     0.000     0.000     1.000     0.000     1.000     2.000
     1.000     1.000     1.000     1.000     1.000     1.000     1.000     0.000     1.000
     1.000     1.000     1.000     1.000     1.000     3.000     1.000     0.000     1.000
     0.000     1.000     1.000     0.000     1.000     1.000     0.974     0.026     1.000
     0.000     0.000     1.000     1.000     1.000     1.000     0.943     0.057     1.000
     0.000     0.000     1.000     0.000     0.000     2.000     0.004     0.996     2.000
     1.000     1.000     1.000     1.000     1.000     1.000     1.000     0.000     1.000
     0.000     0.000     0.000     0.000     0.000     3.000     0.000     1.000     2.000
     1.000     1.000     1.000     1.000     1.000     1.000     1.000     0.000     1.000
     0.000     0.000     0.000     0.000     0.000     1.000     0.000     1.000     2.000
     1.000     1.000     1.000     1.000     1.000     2.000     1.000     0.000     1.000
     0.000     1.000     1.000     0.000     1.000     3.000     0.974     0.026     1.000
     0.000     0.000     0.000     0.000     0.000     1.000     0.000     1.000     2.000
     1.000     1.000     1.000     1.000     1.000     1.000     1.000     0.000     1.000
     0.000     0.000     0.000     0.000     0.000     1.000     0.000     1.000     2.000
     1.000     1.000     1.000     1.000     1.000     2.000     1.000     0.000     1.000
     0.000     0.000     0.000     0.000     0.000     1.000     0.000     1.000     2.000
     1.000     1.000     1.000     1.000     1.000     3.000     1.000     0.000     1.000
     1.000     1.000     1.000     0.000     1.000     3.000     1.000     0.000     1.000
     0.000     0.000     0.000     0.000     0.000     1.000     0.000     1.000     2.000
     0.000     0.000     0.000     0.000     0.000     1.000     0.000     1.000     2.000
     1.000     1.000     1.000     0.000     1.000     3.000     1.000     0.000     1.000
     0.000     1.000     1.000     1.000     0.000     3.000     0.909     0.091     1.000
     0.000     0.000     0.000     0.000     0.000     1.000     0.000     1.000     2.000
     0.000     0.000     1.000     1.000     1.000     3.000     0.943     0.057     1.000
     0.000     0.000     0.000     0.000     0.000     1.000     0.000     1.000     2.000
     0.000     0.000     0.000     0.000     0.000     1.000     0.000     1.000     2.000
     1.000     1.000     1.000     0.000     1.000     3.000     1.000     0.000     1.000
     0.000     1.000     1.000     1.000     1.000     3.000     0.999     0.001     1.000
     1.000     0.000     1.000     0.000     1.000     4.000     0.987     0.013     1.000
     1.000     1.000     1.000     1.000     1.000     3.000     1.000     0.000     1.000
     0.000     0.000     1.000     0.000     0.000     1.000     0.004     0.996     2.000
     0.000     1.000     1.000     1.000     1.000     3.000     0.999     0.001     1.000
     0.000     1.000     1.000     0.000     0.000     1.000     0.220     0.780     2.000
     1.000     1.000     1.000     0.000     1.000     1.000     1.000     0.000     1.000
     0.000     1.000     1.000     1.000     1.000     3.000     0.999     0.001     1.000
     1.000     1.000     1.000     1.000     1.000     1.000     1.000     0.000     1.000
     1.000     1.000     1.000     1.000     1.000     3.000     1.000     0.000     1.000
     1.000     1.000     1.000     1.000     1.000     4.000     1.000     0.000     1.000
     0.000     0.000     0.000     0.000     0.000     1.000     0.000     1.000     2.000
     0.000     1.000     0.000     0.000     0.000     1.000     0.001     0.999     2.000
     1.000     1.000     1.000     1.000     1.000     4.000     1.000     0.000     1.000
     1.000     1.000     1.000     0.000     1.000     3.000     1.000     0.000     1.000
